in = 0.000000e+000
net-_c1-pad2_ = 1.068516e+000
net-_c2-pad1_ = 7.314841e-005
net-_cds1-pad1_ = 1.068516e+000
net-_cds1-pad2_ = 1.068516e+000
net-_r2-pad2_ = 1.800000e+000
vout = 0.000000e+000
